      -0
      -2
     -16
     -50
    -108
    -193
    -304
    -439
    -592
    -759
    -933
   -1106
   -1273
   -1427
   -1561
   -1672
   -1757
   -1816
   -1849
   -1863
   -1865
   -1865
   -1771
   -1272
     152
    1262
    1616
    1456
     681
    -461
   -1113
   -1270
    -974
    -172
     667
    1079
    1067
     600
    -205
    -821
   -1036
    -841
    -225
     496
     910
     941
     561
    -126
    -701
    -930
    -775
    -238
     419
     827
     881
     545
    -100
    -798
   -1263
   -1490
   -1573
   -1533
   -1282
    -801
    -687
   -1183
   -1679
   -1930
   -2011
   -1882
   -1376
    -378
     511
     835
     654
      46
    -652
   -1062
   -1119
    -793
    -106
     567
     901
     851
     411
    -258
    -764
    -933
    -734
    -192
     398
     719
     621
      16
    -922
   -1657
   -2054
   -2184
   -2010
   -1347
    -350
     138
       1
    -492
    -996
   -1273
   -1268
    -888
     -65
     889
    1396
    1376
     813
    -151
    -940
   -1166
   -1166
   -1166
   -1166
   -1166
   -1166
   -1166
   -1166
   -1166
   -1166
   -1166
   -1166
   -1166
   -1166
   -1166
   -1166
   -1166
   -1166
   -1166
   -1166
   -1166
   -1166
   -1166
   -1166
   -1166
   -1166
   -1166
   -1166
   -1166
   -1166
   -1166
   -1166
   -1166
   -1166
   -1166
   -1166
   -1166
   -1166
   -1166
   -1166
   -1166
   -1166
   -1166
   -1166
   -1166
   -1166
   -1166
   -1166
   -1166
   -1166
   -1166
   -1166
   -1166
   -1166
   -1166
   -1166
   -1166
   -1166
   -1166
   -1166
   -1166
   -1166
   -1166
   -1166
   -1166
   -1166
   -1166
   -1166
   -1166
   -1166
   -1166
   -1166
   -1166
   -1166
   -1166
   -1166
   -1166
   -1166
   -1166
   -1166
   -1166
   -1166
   -1166
   -1166
   -1166
   -1166
   -1166
   -1166
   -1166
   -1166
   -1166
   -1166
   -1166
   -1166
   -1166
   -1166
   -1166
   -1166
   -1166
   -1166
   -1166
   -1166
   -1166
   -1166
   -1166
   -1166
   -1166
   -1166
   -1166
   -1166
   -1166
   -1166
   -1166
   -1166
   -1166
   -1166
   -1166
   -1166
   -1166
   -1166
   -1166
   -1166
   -1166
   -1166
   -1166
   -1166
   -1166
   -1166
   -1166
   -1166
   -1166
   -1166
   -1166
   -1166
   -1166
   -1166
   -1166
   -1166
   -1166
   -1166
   -1166
   -1166
   -1166
   -1166
   -1166
   -1166
   -1166
   -1166
   -1166
   -1166
   -1166
   -1166
   -1166
   -1166
   -1166
   -1166
   -1166
   -1166
   -1166
   -1166
   -1166
   -1166
   -1166
   -1166
   -1166
   -1166
   -1166
   -1166
   -1166
   -1166
   -1166
   -1166
   -1166
   -1166
   -1166
   -1166
   -1166
   -1166
   -1166
   -1166
   -1166
   -1166
   -1166
   -1166
   -1166
   -1166
   -1166
   -1166
   -1166
   -1166
   -1166
   -1166
   -1166
   -1166
   -1166
   -1166
   -1166
   -1166
   -1166
   -1166
   -1166
   -1166
   -1166
   -1166
   -1166
   -1166
   -1166
   -1166
   -1166
   -1166
   -1166
   -1166
   -1166
   -1166
   -1166
   -1166
   -1166
   -1166
   -1166
   -1166
   -1166
   -1166
   -1166
   -1166
   -1166
   -1166
   -1166
   -1166
   -1166
   -1166
   -1166
   -1166
   -1166
   -1166
   -1166
   -1166
   -1166
   -1166
   -1166
   -1166
   -1166
   -1166
   -1166
   -1166
   -1166
   -1166
   -1166
   -1166
   -1166
   -1166
   -1166
   -1166
   -1166
   -1166
   -1166
   -1166
   -1166
   -1166
   -1166
   -1166
   -1166
   -1166
   -1166
   -1166
   -1166
   -1166
   -1166
   -1166
   -1166
   -1166
   -1166
   -1166
   -1166
   -1166
   -1166
   -1166
   -1166
   -1166
   -1166
   -1166
   -1166
   -1166
   -1166
   -1166
   -1166
   -1166
   -1166
   -1166
   -1166
   -1166
   -1166
   -1166
   -1166
   -1166
   -1166
   -1166
   -1166
   -1166
   -1166
   -1166
   -1166
   -1166
   -1166
   -1166
   -1166
   -1166
   -1166
   -1166
   -1166
   -1166
   -1166
   -1166
   -1166
   -1166
   -1166
   -1166
   -1166
   -1166
   -1166
   -1166
   -1166
   -1166
   -1166
   -1166
   -1166
   -1166
   -1166
   -1166
   -1166
   -1166
   -1166
   -1166
   -1166
   -1166
   -1166
   -1166
   -1166
   -1166
   -1166
   -1166
   -1166
   -1166
   -1166
   -1166
   -1166
   -1166
   -1166
   -1166
   -1166
   -1166
   -1166
   -1166
   -1166
   -1166
   -1166
   -1166
   -1166
   -1166
   -1166
   -1166
   -1166
   -1166
   -1166
   -1166
   -1166
   -1166
   -1166
   -1166
   -1166
   -1166
   -1166
   -1166
   -1166
   -1166
   -1166
   -1166
   -1166
   -1166
   -1166
   -1166
   -1166
   -1166
   -1166
   -1166
   -1166
   -1166
   -1166
   -1166
   -1166
   -1166
   -1166
   -1166
   -1166
   -1166
   -1166
   -1166
   -1166
   -1166
   -1166
   -1166
   -1166
   -1166
   -1166
   -1166
   -1166
   -1166
   -1166
   -1166
   -1166
   -1166
   -1166
   -1166
   -1166
   -1166
   -1166
   -1166
   -1166
   -1166
   -1166
   -1166
   -1166
   -1166
   -1166
   -1166
   -1166
   -1166
   -1166
   -1166
   -1166
   -1166
   -1166
   -1166
   -1166
   -1166
   -1166
   -1166
   -1166
   -1166
   -1166
   -1166
   -1166
   -1166
   -1166
   -1166
   -1166
   -1166
   -1166
   -1166
   -1166
   -1166
   -1166
   -1166
   -1166
   -1166
   -1166
   -1166
   -1166
   -1166
   -1166
   -1166
   -1166
   -1166
   -1166
   -1166
   -1166
   -1166
   -1166
   -1166
   -1166
   -1166
   -1166
   -1166
   -1166
   -1166
   -1166
   -1166
   -1166
   -1166
   -1166
   -1166
   -1166
   -1166
   -1166
   -1166
   -1166
   -1166
   -1166
   -1166
   -1166
   -1166
   -1166
   -1166
   -1166
   -1166
   -1166
   -1166
   -1166
   -1166
   -1166
   -1166
   -1166
   -1166
   -1166
   -1166
   -1166
   -1166
   -1166
   -1166
   -1166
   -1166
   -1166
   -1166
   -1166
   -1166
   -1166
   -1166
   -1166
   -1166
   -1166
   -1166
   -1166
   -1166
   -1166
   -1166
   -1166
   -1166
   -1166
   -1166
   -1166
   -1166
   -1166
   -1166
   -1166
   -1166
   -1166
   -1166
   -1166
   -1166
   -1166
   -1166
   -1166
   -1166
   -1166
   -1166
   -1166
   -1166
   -1166
   -1166
   -1166
   -1166
   -1166
   -1166
   -1166
   -1166
   -1166
   -1166
   -1166
   -1166
   -1166
   -1166
   -1166
   -1166
   -1166
   -1166
   -1166
   -1166
   -1166
   -1166
   -1166
   -1166
   -1166
   -1166
   -1166
   -1166
   -1166
   -1166
   -1166
   -1166
   -1166
   -1166
   -1166
   -1166
   -1166
   -1166
   -1166
   -1166
   -1166
   -1166
   -1166
   -1166
   -1166
   -1166
   -1166
   -1166
   -1166
   -1166
   -1166
   -1166
   -1166
   -1166
   -1166
   -1166
   -1166
   -1166
   -1166
   -1166
   -1166
   -1166
   -1166
   -1166
   -1166
   -1166
   -1166
   -1166
   -1166
   -1166
   -1166
   -1166
   -1166
   -1166
   -1166
   -1166
   -1166
   -1166
   -1166
   -1166
   -1166
   -1166
   -1166
   -1166
   -1166
   -1166
   -1166
   -1166
   -1166
   -1166
   -1166
   -1166
   -1166
   -1166
   -1166
   -1166
   -1166
   -1166
   -1166
   -1166
   -1166
   -1166
   -1166
   -1166
   -1166
   -1166
   -1166
