       0
       2
      16
      50
     108
     193
     304
     439
     592
     759
     933
    1106
    1273
    1427
    1561
    1672
    1757
    1816
    1849
    1863
    1865
    1865
    1771
    1272
    -152
   -1262
   -1616
   -1456
    -681
     461
    1113
    1270
     974
     172
    -667
   -1079
   -1067
    -600
     205
     821
    1036
     841
     225
    -496
    -910
    -941
    -561
     126
     701
     930
     775
     238
    -419
    -827
    -881
    -545
     100
     648
     774
     455
    -230
    -964
   -1484
   -1796
   -1923
   -1799
   -1261
    -382
     223
     284
    -117
    -700
   -1123
   -1273
   -1096
    -521
     248
     758
     870
     574
     -58
    -665
    -964
    -907
    -468
     208
     727
     904
     709
     148
    -534
    -967
   -1091
    -949
    -593
    -210
     -78
    -291
    -714
   -1127
   -1398
   -1478
   -1290
    -738
      10
     538
     668
     362
    -318
   -1074
   -1497
   -1482
    -977
     -63
     753
     997
     997
     997
     997
     997
     997
     997
     997
     997
     997
     997
     997
     997
     997
     997
     997
     997
     997
     997
     997
     997
     997
     997
     997
     997
     997
     997
     997
     997
     997
     997
     997
     997
     997
     997
     997
     997
     997
     997
     997
     997
     997
     997
     997
     997
     997
     997
     997
     997
     997
     997
     997
     997
     997
     997
     997
     997
     997
     997
     997
     997
     997
     997
     997
     997
     997
     997
     997
     997
     997
     997
     997
     997
     997
     997
     997
     997
     997
     997
     997
     997
     997
     997
     997
     997
     997
     997
     997
     997
     997
     997
     997
     997
     997
     997
     997
     997
     997
     997
     997
     997
     997
     997
     997
     997
     997
     997
     997
     997
     997
     997
     997
     997
     997
     997
     997
     997
     997
     997
     997
     997
     997
     997
     997
     997
     997
     997
     997
     997
     997
     997
     997
     997
     997
     997
     997
     997
     997
     997
     997
     997
     997
     997
     997
     997
     997
     997
     997
     997
     997
     997
     997
     997
     997
     997
     997
     997
     997
     997
     997
     997
     997
     997
     997
     997
     997
     997
     997
     997
     997
     997
     997
     997
     997
     997
     997
     997
     997
     997
     997
     997
     997
     997
     997
     997
     997
     997
     997
     997
     997
     997
     997
     997
     997
     997
     997
     997
     997
     997
     997
     997
     997
     997
     997
     997
     997
     997
     997
     997
     997
     997
     997
     997
     997
     997
     997
     997
     997
     997
     997
     997
     997
     997
     997
     997
     997
     997
     997
     997
     997
     997
     997
     997
     997
     997
     997
     997
     997
     997
     997
     997
     997
     997
     997
     997
     997
     997
     997
     997
     997
     997
     997
     997
     997
     997
     997
     997
     997
     997
     997
     997
     997
     997
     997
     997
     997
     997
     997
     997
     997
     997
     997
     997
     997
     997
     997
     997
     997
     997
     997
     997
     997
     997
     997
     997
     997
     997
     997
     997
     997
     997
     997
     997
     997
     997
     997
     997
     997
     997
     997
     997
     997
     997
     997
     997
     997
     997
     997
     997
     997
     997
     997
     997
     997
     997
     997
     997
     997
     997
     997
     997
     997
     997
     997
     997
     997
     997
     997
     997
     997
     997
     997
     997
     997
     997
     997
     997
     997
     997
     997
     997
     997
     997
     997
     997
     997
     997
     997
     997
     997
     997
     997
     997
     997
     997
     997
     997
     997
     997
     997
     997
     997
     997
     997
     997
     997
     997
     997
     997
     997
     997
     997
     997
     997
     997
     997
     997
     997
     997
     997
     997
     997
     997
     997
     997
     997
     997
     997
     997
     997
     997
     997
     997
     997
     997
     997
     997
     997
     997
     997
     997
     997
     997
     997
     997
     997
     997
     997
     997
     997
     997
     997
     997
     997
     997
     997
     997
     997
     997
     997
     997
     997
     997
     997
     997
     997
     997
     997
     997
     997
     997
     997
     997
     997
     997
     997
     997
     997
     997
     997
     997
     997
     997
     997
     997
     997
     997
     997
     997
     997
     997
     997
     997
     997
     997
     997
     997
     997
     997
     997
     997
     997
     997
     997
     997
     997
     997
     997
     997
     997
     997
     997
     997
     997
     997
     997
     997
     997
     997
     997
     997
     997
     997
     997
     997
     997
     997
     997
     997
     997
     997
     997
     997
     997
     997
     997
     997
     997
     997
     997
     997
     997
     997
     997
     997
     997
     997
     997
     997
     997
     997
     997
     997
     997
     997
     997
     997
     997
     997
     997
     997
     997
     997
     997
     997
     997
     997
     997
     997
     997
     997
     997
     997
     997
     997
     997
     997
     997
     997
     997
     997
     997
     997
     997
     997
     997
     997
     997
     997
     997
     997
     997
     997
     997
     997
     997
     997
     997
     997
     997
     997
     997
     997
     997
     997
     997
     997
     997
     997
     997
     997
     997
     997
     997
     997
     997
     997
     997
     997
     997
     997
     997
     997
     997
     997
     997
     997
     997
     997
     997
     997
     997
     997
     997
     997
     997
     997
     997
     997
     997
     997
     997
     997
     997
     997
     997
     997
     997
     997
     997
     997
     997
     997
     997
     997
     997
     997
     997
     997
     997
     997
     997
     997
     997
     997
     997
     997
     997
     997
     997
     997
     997
     997
     997
     997
     997
     997
     997
     997
     997
     997
     997
     997
     997
     997
     997
     997
     997
     997
     997
     997
     997
     997
