      -0
      -0
      -0
      -0
      -0
      -0
      -0
      -0
      -0
      -0
      -0
      -0
      -0
      -0
      -0
      -0
      -0
      -0
      -0
      -0
      -0
   -1282
   -4953
   -9572
  -11438
   -9047
   -3191
    4647
   10496
   10977
    6782
    -275
   -7601
  -11367
   -9743
   -4016
    3652
    9869
   11285
    7584
     591
   -6923
  -11216
  -10130
   -4597
    3101
    9550
   11373
    7951
    1014
   -6586
  -11116
  -10316
   -4894
    2861
    9447
   11404
    8100
    1443
   -5479
  -10173
  -11413
   -9215
   -4195
    2687
    9006
   11457
    8973
    2837
   -4696
  -10266
  -11200
   -7493
    -703
    6631
   11075
   10488
    5518
   -1873
   -8647
  -11457
   -9129
   -2962
    4648
   10292
   11144
    7103
     -10
   -7314
  -11283
   -9990
   -4264
    3420
    9607
   11384
    7990
    1031
   -6346
  -10882
  -10857
   -6589
     424
    7508
   11299
   10032
    4482
   -3351
   -9593
  -11391
   -7797
    -456
    6668
   10520
   11458
   10807
   10273
   10273
   10273
   10273
   10273
   10273
   10273
   10273
   10273
   10273
   10273
   10273
   10273
   10273
   10273
   10273
   10273
   10273
   10273
   10273
   10273
   10273
   10273
   10273
   10273
   10273
   10273
   10273
   10273
   10273
   10273
   10273
   10273
   10273
   10273
   10273
   10273
   10273
   10273
   10273
   10273
   10273
   10273
   10273
   10273
   10273
   10273
   10273
   10273
   10273
   10273
   10273
   10273
   10273
   10273
   10273
   10273
   10273
   10273
   10273
   10273
   10273
   10273
   10273
   10273
   10273
   10273
   10273
   10273
   10273
   10273
   10273
   10273
   10273
   10273
   10273
   10273
   10273
   10273
   10273
   10273
   10273
   10273
   10273
   10273
   10273
   10273
   10273
   10273
   10273
   10273
   10273
   10273
   10273
   10273
   10273
   10273
   10273
   10273
   10273
   10273
   10273
   10273
   10273
   10273
   10273
   10273
   10273
   10273
   10273
   10273
   10273
   10273
   10273
   10273
   10273
   10273
   10273
   10273
   10273
   10273
   10273
   10273
   10273
   10273
   10273
   10273
   10273
   10273
   10273
   10273
   10273
   10273
   10273
   10273
   10273
   10273
   10273
   10273
   10273
   10273
   10273
   10273
   10273
   10273
   10273
   10273
   10273
   10273
   10273
   10273
   10273
   10273
   10273
   10273
   10273
   10273
   10273
   10273
   10273
   10273
   10273
   10273
   10273
   10273
   10273
   10273
   10273
   10273
   10273
   10273
   10273
   10273
   10273
   10273
   10273
   10273
   10273
   10273
   10273
   10273
   10273
   10273
   10273
   10273
   10273
   10273
   10273
   10273
   10273
   10273
   10273
   10273
   10273
   10273
   10273
   10273
   10273
   10273
   10273
   10273
   10273
   10273
   10273
   10273
   10273
   10273
   10273
   10273
   10273
   10273
   10273
   10273
   10273
   10273
   10273
   10273
   10273
   10273
   10273
   10273
   10273
   10273
   10273
   10273
   10273
   10273
   10273
   10273
   10273
   10273
   10273
   10273
   10273
   10273
   10273
   10273
   10273
   10273
   10273
   10273
   10273
   10273
   10273
   10273
   10273
   10273
   10273
   10273
   10273
   10273
   10273
   10273
   10273
   10273
   10273
   10273
   10273
   10273
   10273
   10273
   10273
   10273
   10273
   10273
   10273
   10273
   10273
   10273
   10273
   10273
   10273
   10273
   10273
   10273
   10273
   10273
   10273
   10273
   10273
   10273
   10273
   10273
   10273
   10273
   10273
   10273
   10273
   10273
   10273
   10273
   10273
   10273
   10273
   10273
   10273
   10273
   10273
   10273
   10273
   10273
   10273
   10273
   10273
   10273
   10273
   10273
   10273
   10273
   10273
   10273
   10273
   10273
   10273
   10273
   10273
   10273
   10273
   10273
   10273
   10273
   10273
   10273
   10273
   10273
   10273
   10273
   10273
   10273
   10273
   10273
   10273
   10273
   10273
   10273
   10273
   10273
   10273
   10273
   10273
   10273
   10273
   10273
   10273
   10273
   10273
   10273
   10273
   10273
   10273
   10273
   10273
   10273
   10273
   10273
   10273
   10273
   10273
   10273
   10273
   10273
   10273
   10273
   10273
   10273
   10273
   10273
   10273
   10273
   10273
   10273
   10273
   10273
   10273
   10273
   10273
   10273
   10273
   10273
   10273
   10273
   10273
   10273
   10273
   10273
   10273
   10273
   10273
   10273
   10273
   10273
   10273
   10273
   10273
   10273
   10273
   10273
   10273
   10273
   10273
   10273
   10273
   10273
   10273
   10273
   10273
   10273
   10273
   10273
   10273
   10273
   10273
   10273
   10273
   10273
   10273
   10273
   10273
   10273
   10273
   10273
   10273
   10273
   10273
   10273
   10273
   10273
   10273
   10273
   10273
   10273
   10273
   10273
   10273
   10273
   10273
   10273
   10273
   10273
   10273
   10273
   10273
   10273
   10273
   10273
   10273
   10273
   10273
   10273
   10273
   10273
   10273
   10273
   10273
   10273
   10273
   10273
   10273
   10273
   10273
   10273
   10273
   10273
   10273
   10273
   10273
   10273
   10273
   10273
   10273
   10273
   10273
   10273
   10273
   10273
   10273
   10273
   10273
   10273
   10273
   10273
   10273
   10273
   10273
   10273
   10273
   10273
   10273
   10273
   10273
   10273
   10273
   10273
   10273
   10273
   10273
   10273
   10273
   10273
   10273
   10273
   10273
   10273
   10273
   10273
   10273
   10273
   10273
   10273
   10273
   10273
   10273
   10273
   10273
   10273
   10273
   10273
   10273
   10273
   10273
   10273
   10273
   10273
   10273
   10273
   10273
   10273
   10273
   10273
   10273
   10273
   10273
   10273
   10273
   10273
   10273
   10273
   10273
   10273
   10273
   10273
   10273
   10273
   10273
   10273
   10273
   10273
   10273
   10273
   10273
   10273
   10273
   10273
   10273
   10273
   10273
   10273
   10273
   10273
   10273
   10273
   10273
   10273
   10273
   10273
   10273
   10273
   10273
   10273
   10273
   10273
   10273
   10273
   10273
   10273
   10273
   10273
   10273
   10273
   10273
   10273
   10273
   10273
   10273
   10273
   10273
   10273
   10273
   10273
   10273
   10273
   10273
   10273
   10273
   10273
   10273
   10273
   10273
   10273
   10273
   10273
   10273
   10273
   10273
   10273
   10273
   10273
   10273
   10273
   10273
   10273
   10273
   10273
   10273
   10273
   10273
   10273
   10273
   10273
   10273
   10273
   10273
   10273
   10273
   10273
   10273
   10273
   10273
   10273
   10273
   10273
   10273
   10273
   10273
   10273
   10273
   10273
   10273
   10273
   10273
   10273
   10273
   10273
   10273
   10273
   10273
   10273
   10273
   10273
   10273
   10273
   10273
   10273
